i=[0.009,0.018,0.028,0.038,0.057,0.078,0.098];
v=[0.5,1.0,1.5,2.0,3.0,4.0,5.0];